7577 1 99.7
7747 1 19.1
7229 1 35.7
7464 1 99.3
7625 1 41.1
7483 1 12.7
7315 1 97.1
7174 1 97.4
7808 1 72.4
7378 1 84.0
7180 1 99.4
7913 1 97.9
7918 1 98.9
7293 1 82.6
7741 1 39.1
7664 1 10.2
7667 1 96.1
7286 1 91.2
7557 1 62.3
7833 1 99.9
7577 2 56.2
7747 2 77.8
7229 2 100.0
7464 2 88.3
7625 2 56.8
7483 2 72.1
7315 2 98.0
7174 2 92.3
7808 2 99.1
7378 2 84.4
7180 2 70.5
7913 2 99.0
7918 2 99.9
7293 2 97.2
7741 2 98.9
7664 2 91.7
7667 2 87.5
7286 2 83.7
7557 2 78.1
7833 2 56.7
7577 3 89.0
7747 3 100.0
7229 3 99.5
7464 3 66.0
7625 3 99.0
7483 3 100.0
7315 3 87.2
7174 3 59.3
7808 3 96.1
7378 3 99.7
7180 3 12.6
7913 3 14.9
7918 3 24.1
7293 3 74.3
7741 3 85.6
7664 3 2.8
7667 3 93.1
7286 3 54.7
7557 3 5.1
7833 3 55.9
7577 4 73.4
7747 4 89.9
7229 4 97.2
7464 4 98.1
7625 4 100.0
7483 4 96.5
7315 4 99.7
7174 4 58.0
7808 4 23.0
7378 4 67.6
7180 4 77.8
7913 4 91.9
7918 4 35.2
7293 4 93.8
7741 4 99.2
7664 4 99.6
7667 4 88.8
7286 4 96.6
7557 4 23.2
7833 4 45.5
7577 5 66.9
7747 5 52.4
7229 5 96.9
7464 5 78.9
7625 5 99.5
7483 5 99.1
7315 5 84.3
7174 5 87.6
7808 5 76.4
7378 5 91.3
7180 5 11.5
7913 5 58.4
7918 5 33.6
7293 5 90.6
7741 5 6.6
7664 5 99.7
7667 5 99.4
7286 5 59.6
7557 5 13.6
7833 5 99.9
7577 6 94.2
7747 6 97.1
7229 6 24.0
7464 6 7.3
7625 6 85.1
7483 6 80.1
7315 6 100.0
7174 6 80.5
7808 6 71.6
7378 6 98.0
7180 6 58.0
7913 6 72.5
7918 6 91.6
7293 6 85.9
7741 6 93.6
7664 6 81.6
7667 6 98.6
7286 6 89.5
7557 6 91.9
7833 6 89.1
7577 7 36.7
7747 7 90.2
7229 7 44.5
7464 7 96.3
7625 7 88.0
7483 7 41.6
7315 7 98.4
7174 7 15.0
7808 7 44.7
7378 7 52.4
7180 7 30.6
7913 7 50.3
7918 7 99.6
7293 7 99.0
7741 7 93.6
7664 7 97.6
7667 7 97.2
7286 7 55.7
7557 7 18.5
7833 7 96.9
7577 8 92.6
7747 8 33.2
7229 8 94.5
7464 8 100.0
7625 8 65.0
7483 8 29.8
7315 8 84.0
7174 8 71.7
7808 8 89.9
7378 8 51.6
7180 8 67.2
7913 8 11.5
7918 8 99.9
7293 8 95.0
7741 8 99.3
7664 8 82.8
7667 8 6.3
7286 8 100.0
7557 8 30.7
7833 8 100.0
7577 9 99.2
7747 9 96.4
7229 9 74.2
7464 9 77.2
7625 9 83.2
7483 9 91.9
7315 9 55.8
7174 9 97.0
7808 9 74.1
7378 9 82.4
7180 9 74.3
7913 9 61.7
7918 9 98.2
7293 9 99.4
7741 9 95.5
7664 9 66.6
7667 9 99.1
7286 9 97.2
7557 9 88.5
7833 9 86.9
7577 10 99.3
7747 10 14.8
7229 10 90.0
7464 10 67.6
7625 10 74.4
7483 10 77.4
7315 10 94.2
7174 10 64.4
7808 10 88.4
7378 10 100.0
7180 10 78.0
7913 10 0.7
7918 10 98.0
7293 10 18.4
7741 10 57.1
7664 10 0.4
7667 10 99.8
7286 10 91.0
7557 10 70.1
7833 10 74.6
